Size: 102400 Time: 1.1486713886260986
Size: 1048576 Time: 1.1721136569976807
Size: 10485760 Time: 2.404062271118164